TEST  GUYANE
data\DataANTnew.txt
6 8		
--sourceCRS=RGFG95G.UNDEFINED --sourceFormat=ILPH.METERS.DMS
8
1	-54.023116241	3.391677339	81.756
2	-53.445507541	5.263153572	5.382
3	-53.121587980	5.284954979	-14.596
4	-52.530959001	5.191255474	-27.305
5	-52.282215949	5.004720101	-32.111
6	-52.195250380	4.563736240	-30.452
7	-52.074423070	4.184805707	-30.638
8	-51.480852439	3.541001548	-24.415
--sourceCRS=RGFG95.UNDEFINED --sourceFormat=IXYZ.METERS.
8
1	3737674.724	-5152404.271	403848.032
2	3754692.796	-5120498.469	600869.723
3	3802905.897	-5084265.238	605088.073
4	3832101.047	-5064372.765	587441.586
5	3870381.224	-5039028.108	553625.516
6	3883228.222	-5029977.957	545980.257
7	3904416.616	-5020675.996	476501.801
8	3934985.840	-5000900.301	431218.686
--sourceCRS=RGFG95UTM21.AUTHORITATIVE --sourceFormat=IENV.METERS.
1
1	828633.405	404496.260	114.299
--sourceCRS=RGFG95UTM22.AUTHORITATIVE --sourceFormat=IENV.METERS.
7
2	195399.995	602226.275	38.306
3	255758.500	606219.655	18.874
4	290996.432	588372.854	6.996
5	336716.694	554297.029	2.471
6	352399.333	546590.078	4.233
7	374721.172	476856.556	4.786
8	410919.308	431423.833	10.676
--sourceCRS=CSG67G.AUTHORITATIVE --sourceFormat=ILPV.METERS.DMS
8
1 -54.023067601   3.391300653  114.299
2 -53.445460925   5.262764613   38.306
3 -53.121550730   5.284564834   18.874
4 -52.530927543   5.190865833    6.996
5 -52.282192166   5.004331773    2.471
6 -52.195229165   4.563348128    4.233
7 -52.074406407   4.184421413    4.786
8 -51.480842105   3.540619437   10.676
--sourceCRS=CSG67UTM22.AUTHORITATIVE --sourceFormat=IENV.METERS.
8
1     162029.227     404416.022    114.299
2     195401.783     602113.284     38.306
3     255759.885     606106.409     18.874
4     290997.503     588259.595      6.996
5     336717.308     554183.826      2.471
6     352399.805     546476.866      4.233
7     374721.194     476743.754      4.786
8     410918.872     431311.212     10.676
