TEST FRANCE_METROPOLITAINE
data\DataFRnew.xml
39 8
--sourceCRS=NTFPG.AUTHORITATIVE --sourceFormat=ILPV.METERS.GONS
8
1	0.000	56.000	0.000
2	-7.000	54.000	0.000
3	6.000	54.000	0.000
4	0.000	52.000	0.000
5	-4.000	49.000	0.000
6	5.000	49.000	0.000
7	0.000	47.000	0.000
8	8.000	46.000	0.000
--sourceCRS=RGF93.UNDEFINED --sourceFormat=IXYZ.METERS.
8
1	4070327.251	166078.932	4891298.615
2	4215835.487	-292117.778	4761290.491
3	4187472.543	568900.490	4761290.110
4	4370322.314	178320.954	4626603.367
5	4586673.386	-101170.006	4416107.200
6	4555165.533	546132.473	4416115.416
7	4720745.183	192625.576	4270345.804
8	4725138.146	793841.562	4195887.278
--sourceCRS=RGF93G.UNDEFINED --sourceFormat=ILPH.METERS.DMS
8
1	2.201142376	50.235977167	43.642
2	-3.574940504	48.355971229	50.142
3	7.441214387	48.355978336	47.698
4	2.201149528	46.475980307	47.315
5	-1.154892395	44.055982510	47.978
6	6.501222749	44.060005165	52.568
7	2.201177542	42.180008234	51.807
8	9.321266793	41.240035423	47.389
--sourceCRS=RGF93LAMB93.UNDEFINED --sourceFormat=IENH.METERS.
8
1	652760.737	7033791.243	43.642
2	187194.062	6855928.882	50.142
3	1049052.258	6843776.562	47.698
4	649398.872	6633524.191	47.315
5	358799.172	6342652.486	47.978
6	1007068.686	6340907.237	52.568
7	645204.279	6133556.746	51.807
8	1247610.438	6055822.838	47.389
--sourceCRS=RGF93UTM30.UNDEFINED --sourceFormat=IENH.METERS.
2
2	428948.395	5383430.594	50.142
5	638981.909	4884440.141	47.978
--sourceCRS=RGF93UTM31.UNDEFINED --sourceFormat=IENH.METERS.
3
1	452845.191	5583309.396	43.642
4	449371.146	5183146.838	47.315
7	445317.861	4683301.353	51.807
--sourceCRS=RGF93UTM32.UNDEFINED --sourceFormat=IENH.METERS.
3
3	406862.707	5383754.794	47.698
6	326851.995	4885256.598	52.568
8	544876.047	4583312.364	47.389
--sourceCRS=RGF93CC42.UNDEFINED --sourceFormat=IENH.METERS.
2
7	1645300.573	1233534.604	51.807
8	2246092.496	1154230.233	47.389
--sourceCRS=RGF93CC43.UNDEFINED --sourceFormat=IENH.METERS.
3
5	1358721.083	2330867.524	47.978
6	2007135.676	2329227.172	52.568
7	1645297.266	2122463.086	51.807
--sourceCRS=RGF93CC44.UNDEFINED --sourceFormat=IENH.METERS.
2
5	1358788.943	3219926.157	47.978
6	2007075.538	3218255.554	52.568
--sourceCRS=RGF93CC45.UNDEFINED --sourceFormat=IENH.METERS.
2
5	1358753.049	4108968.619	47.978
6	2007108.777	4107267.772	52.568
--sourceCRS=RGF93CC46.UNDEFINED --sourceFormat=IENH.METERS.
1
4	1649350.805	5289127.458	47.315
--sourceCRS=RGF93CC47.UNDEFINED --sourceFormat=IENH.METERS.
1
4	1649355.436	6177976.454	47.315
--sourceCRS=RGF93CC48.UNDEFINED --sourceFormat=IENH.METERS.
3
2	1187097.159	7289883.887	50.142
3	2049130.134	7277434.883	47.698
4	1649344.743	7066799.201	47.315
--sourceCRS=RGF93CC49.UNDEFINED --sourceFormat=IENH.METERS.
3
1	1652816.616	8355913.907	43.642
2	1187134.467	8179051.285	50.142
3	2049112.744	8166409.291	47.698
--sourceCRS=RGF93CC50.UNDEFINED --sourceFormat=IENH.METERS.
3
1	1652829.636	9244691.895	43.642
2	1187017.122	9068185.841	50.142
3	2049200.590	9055350.863	47.698
--sourceCRS=ETRS89LAEA.UNDEFINED --sourceFormat=IENH.METERS.
8
1	3777238.761	3060461.179	43.642
2	3297771.254	2929178.618	50.142
3	4154035.830	2834400.454	47.698
4	3736620.137	2662048.484	47.315
5	3420971.029	2400081.121	47.978
6	4067233.673	2337579.395	52.568
7	3688157.316	2165010.669	51.807
8	4282111.450	2033342.946	47.389
--sourceCRS=ETRS89LCC.UNDEFINED --sourceFormat=IENH.METERS.
8
1	3474789.997	2655359.291	43.642
2	3010662.964	2528482.690	50.142
3	3838711.411	2437198.117	47.698
4	3434736.523	2270523.394	47.315
5	3126728.203	2016846.470	47.978
6	3753873.252	1955436.757	52.568
7	3384454.861	1787370.578	51.807
8	3962120.134	1657894.344	47.389
--sourceCRS=WGS84.UNDEFINED --sourceFormat=IXYZ.METERS.
8
1	4070328.853	166077.271	4891298.452
2	4215838.792	-292119.202	4761288.612
3	4187471.038	568902.006	4761292.186
4	4370322.467	178321.506	4626604.120
5	4586672.620	-101168.085	4416109.008
6	4555165.870	546132.924	4416115.731
7	4720745.003	192623.997	4270346.811
8	4725139.537	793841.987	4195886.733
--sourceCRS=WGS84UTM30.UNDEFINED --sourceFormat=IENH.METERS.
2
2	428947.155	5383426.820	50.977
5	638983.772	4884442.040	48.655
--sourceCRS=WGS84UTM31.UNDEFINED --sourceFormat=IENH.METERS.
3
1	452843.456	5583308.127	44.494
4	449371.695	5183147.221	47.984
7	445316.299	4683302.274	52.304
--sourceCRS=WGS84UTM32.UNDEFINED --sourceFormat=IENH.METERS.
3
3	406864.449	5383757.103	48.403
6	326852.402	4885256.543	53.066
8	544876.244	4583311.003	48.110
--sourceCRS=WGS84G.UNDEFINED --sourceFormat=ILPH.METERS.DMS
8
1   2.201133642  50.235973007   44.494
2  -3.574946324  48.355958960   50.977
3   7.441222706  48.355985906   48.403
4   2.201152100  46.475981561   47.984
5  -1.154883836  44.055988538   48.655
6   6.501224582  44.060005022   53.066
7   2.201170686  42.180011182   52.304
8   9.321267606  41.240031003   48.110
--sourceCRS=WGS84G.UNDEFINED --sourceFormat=ILPH.METERS.DEGREES
8
1	2.33648234	50.39992502	44.494
2	-3.96373979	48.59988600	50.977
3	7.73672974	48.59996085	48.403
4	2.33653361	46.79994878	47.984
5	-1.26356621	44.09996816	48.655
6	6.83673495	44.10001395	53.066
7	2.33658524	42.30003106	52.304
8	9.53685446	41.40008612	48.110
--sourceCRS=ED50G.AUTHORITATIVE --sourceFormat=ILPV.METERS.DMS
8
1	 2.201607027	50.240285845	0.000
2	-3.574445675	48.360315798	0.000
3	 7.441636643	48.360296122	0.000
4	 2.201592988	46.480328810	0.000
5	-1.154439516	44.060372064	0.000
6	 6.501612623	44.060358993	0.000
7	 2.201578848	42.180394644	0.000
8	 9.321619492	41.240397151	0.000
--sourceCRS=ED50UTM30.AUTHORITATIVE --sourceFormat=IENV.METERS.
2
2	429047.713	5383641.856	0.000
5	639086.491	4884652.067	0.000
--sourceCRS=ED50UTM31.AUTHORITATIVE --sourceFormat=IENV.METERS.
3
1	452935.521	5583517.160	0.000
4	449463.682	5183352.920	0.000
7	445408.175	4683503.212	0.000
--sourceCRS=ED50UTM32.AUTHORITATIVE --sourceFormat=IENV.METERS.
3
3	406946.397	5383957.648	0.000
6	326933.547	4885453.137	0.000
8	544959.299	4583504.833	0.000
--sourceCRS=ED50EULAMB.AUTHORITATIVE --sourceFormat=IENV.METERS.
8
1	600040.471	2600647.840	0.000
2	135677.676	2418862.493	0.000
3	998178.574	2413924.177	0.000
4	600040.390	2200101.527	0.000
5	311592.308	1906558.303	0.000
6	960529.556	1910273.896	0.000
7	600040.511	1699611.280	0.000
8	1203834.298	1626973.834	0.000
--sourceCRS=ED50EUCART.AUTHORITATIVE --sourceFormat=IENV.METERS.
8
1	600000.471	2600547.840	0.000
2	135637.676	2418762.493	0.000
3	998138.574	2413824.177	0.000
4	600000.390	2200001.527	0.000
5	311552.308	1906458.303	0.000
6	960489.556	1910173.896	0.000
7	600000.511	1699511.280	0.000
8	1203794.298	1626873.834	0.000
--sourceCRS=ED50OACI.AUTHORITATIVE --sourceFormat=IENV.METERS.
8
1	  688532.501	 818085.992	0.000
2	  227821.554	 638073.693	0.000
3	 1082849.928	 631630.063	0.000
4	  687737.541	 421027.037	0.000
5	  402004.531	 130957.896	0.000
6	 1043536.266	 133223.980	0.000
7	  686746.931	 -73867.470	0.000
8	 1282605.581	-147691.627	0.000
--sourceCRS=NTFLAMB1.AUTHORITATIVE --sourceFormat=IENV.METERS.
3
1	600000.000	300097.534	0.000
2	135856.505	119333.476	0.000
3	997960.328	114184.746	0.000
--sourceCRS=NTFLAMB2.AUTHORITATIVE --sourceFormat=IENV.METERS.
1
4	600000.000	200000.000	0.000
--sourceCRS=NTFLAMB3.AUTHORITATIVE --sourceFormat=IENV.METERS.
3
5	311857.554	206300.589	0.000
6	960113.493	209843.788	0.000
7	600000.000	    21.077	0.000
--sourceCRS=NTFLAMB4.AUTHORITATIVE --sourceFormat=IENV.METERS.
1
8	601661.764	126278.833	0.000
--sourceCRS=NTFLAMB2E.AUTHORITATIVE --sourceFormat=IENVCS.METERS.DEGREES
8
1     600000.000    2600545.452      0.000       0.000000     1895.0
2     135638.359    2418760.410     -0.000       4.592502      375.2
3     998137.395    2413822.284     -0.000      -3.936431      375.2
4     600000.000    2200000.000      0.000      -0.000000     -122.6
5     311552.534    1906457.484     -0.000       2.624287      967.0
6     960488.414    1910172.881      0.000      -3.280359      967.0
7     600000.000    1699510.834      0.000       0.000000     2877.1
8    1203792.598    1626873.172      0.000      -5.248574     4179.5
--sourceCRS=NTFLAMBGC.AUTHORITATIVE --sourceFormat=IENV.METERS.
8
1	 600000.0000	978086.2320	0.000
2	 135918.5400	796486.3530	0.000
3	 997897.9600	791534.0360	0.000
4	 600000.0000	577779.7750	0.000
5	 311642.1440	284375.9690	0.000
6	 960375.9300	288103.1290	0.000
7	 600000.0000	 77459.1780	0.000
8	1203698.4950	  4930.9050	0.000
--sourceCRS=NTFG.AUTHORITATIVE --sourceFormat=ILPV.METERS.DMS
8
1	2.2014025	50.2400000	0.000
2	-3.5745975	48.3600000	0.000
3	7.4414025	48.3600000	0.000
4	2.2014025	46.4800000	0.000
5	-1.1545975	44.0600000	0.000
6	6.5014025	44.0600000	0.000
7	2.2014025	42.1800000	0.000
8	9.3214025	41.2400000	0.000
--sourceCRS=NTFG.AUTHORITATIVE --sourceFormat=ILPV.METERS.DEGREES
8
1	2.3372291667	50.4000000000	0.000
2	-3.9627708333	48.6000000000	0.000
3	7.7372291667	48.6000000000	0.000
4	2.3372291667	46.8000000000	0.000
5	-1.2627708333	44.1000000000	0.000
6	6.8372291667	44.1000000000	0.000
7	2.3372291667	42.3000000000	0.000
8	9.5372291667	41.4000000000	0.000
