TEST GRANDE_ET_BASSE_TERRE, LA_DESIRADE, LES_SAINTES, MARIE-GALANTE
data\DataANTnew.txt
9 7		
--sourceCRS=GUADANNG.AUTHORITATIVE --sourceFormat=ILPV.METERS.DMS
7
1	-61.450	16.030	7.000
2	-61.370	15.590	197.000
3	-61.390	15.570	2.000
4	-61.430	16.040	480.000
5	-61.030	16.190	200.000
6	-61.370	15.510	128.000
7	-61.150	15.550	150.000
--sourceCRS=GUADANNUTM20.AUTHORITATIVE --sourceFormat=IENV.METERS.
7
1	633720.609	1774890.673	7.000
2	648035.538	1767605.082	197.000
3	644491.754	1763893.581	2.000
4	637275.567	1776756.480	480.000
5	708344.331	1804981.784	200.000
6	648133.235	1752852.720	128.000
7	687345.145	1760523.358	150.000
--sourceCRS=WGS84GUAD.UNDEFINED --sourceFormat=IXYZ.METERS.
7
1	2901618.691	-5401060.446	1751767.985
2	2915234.428	-5396244.413	1744729.545
3	2912487.060	-5398667.240	1741129.288
4	2904734.324	-5399322.706	1753671.475
5	2963496.073	-5358169.278	1780163.752
6	2917125.909	-5399744.920	1730520.982
7	2950662.021	-5379213.850	1737623.708
--sourceCRS=WGS84GUADG.UNDEFINED --sourceFormat=ILPH.METERS.DMS
7
1	-61.451409949	16.025089421	-32.455
2	-61.371407606	15.585090009	157.583
3	-61.391407787	15.565089440	-37.663
4	-61.431409563	16.035089897	440.881
5	-61.031403165	16.185097418	156.408
6	-61.371406458	15.505088932	88.000
7	-61.151402279	15.545092458	109.829
--sourceCRS=WGS84GUADUTM20.AUTHORITATIVE --sourceFormat=IENV.METERS.
7
1	633297.869	1774587.058	7.000
2	647612.931	1767301.481	197.000
3	644069.125	1763589.935	2.000
4	636852.874	1776452.911	480.000
5	707921.988	1804678.641	200.000
6	647710.678	1752549.023	128.000
7	686922.811	1760219.850	150.000
--sourceCRS=RGAF09.UNDEFINED --sourceFormat=IXYZ.METERS.
7
1  2901617.950 -5401060.335 1751767.913
2  2915233.697 -5396244.303 1744729.483
3  2912486.331 -5398667.129 1741129.223
4  2904733.583 -5399322.596 1753671.407
5  2963495.335 -5358169.177 1780163.743
6  2917125.189 -5399744.809 1730520.918
7  2950661.308 -5379213.743 1737623.675
--sourceCRS=RGAF09G.UNDEFINED --sourceFormat=ILPH.METERS.DMS
7
1 -61.451411969  16.025089600  -32.906
2 -61.371409591  15.585090215  157.139
3 -61.391409770  15.565089633  -38.107
4 -61.431411579  16.035090089  440.431
5 -61.031405176  16.185097797  155.978
6 -61.371408407  15.505089123   87.559
7 -61.151404205  15.545092744  109.400
--sourceCRS=RGAF09G.UNDEFINED --sourceFormat=ILPH.METERS.DEGREES
7
1  -61.75392214   16.04747111  -32.906
2  -61.62058220   15.98080615  157.139
3  -61.65391603   15.94747120  -38.107
4  -61.72058772   16.06413914  440.431
5  -61.05390327   16.31416055  155.978
6  -61.62057891   15.84746978   87.559
7  -61.25390057   15.91414651  109.400
--sourceCRS=RGAF09UTM20.AUTHORITATIVE --sourceFormat=IENV.METERS.
7
1     633297.269    1774587.109	7.000  
2     647612.340    1767301.541	197.000
3     644068.535    1763589.991	2.000  
4     636852.275    1776452.966	480.000
5     707921.390    1804678.751	200.000
6     647710.098    1752549.078	128.000
7     686922.237    1760219.934	150.000
