TEST MARTINIQUE	; RGAF09.MART87 (hauteurs=altitude+gg10_mart) <= transfo de MARTFDG.MART87 ; WGS84.MART87 (hauteurs=altitude+ggm00) <= transfo de MARTFDG.MART87
data\DataANTnew.txt
9 8		
--sourceCRS=MARTFDG.AUTHORITATIVE --sourceFormat=ILPV.METERS.DMS
8
1	-61.071861185	14.491689089	309.972
2	-61.015284211	14.284608673	47.337
3	-61.023386769	14.365986021	41.867
4	-61.004270750	14.374016840	34.113
5	-61.030123769	14.325005034	77.554
6	-60.570325305	14.335894249	135.056
7	-60.502463807	14.265501097	126.447
8	-61.085007973	14.411211474	493.206
--sourceCRS=MARTFDUTM20.AUTHORITATIVE --sourceFormat=IENV.METERS.
8
1	702123.063	1639434.617	309.972
2	712193.724	1601684.776	47.337
3	710834.681	1616852.076	41.867
4	714151.127	1618120.035	34.113
5	710081.246	1609166.268	77.554
6	720781.099	1611378.002	135.056
7	732839.348	1598455.890	126.447
8	699510.661	1624511.121	493.206
--sourceCRS=WGS84MART.UNDEFINED --sourceFormat=IXYZ.METERS.
8
1	2978928.292	-5400363.229	1621249.057
2	2991964.993	-5403801.473	1584581.848
3	2989042.143	-5401056.006	1599270.342
4	2991797.535	-5399164.230	1600467.044
5	2989277.582	-5403174.444	1591848.582
6	2998420.010	-5397561.468	1593912.092
7	3010432.052	-5394599.587	1581294.879
8	2978449.531	-5405163.142	1606886.234
--sourceCRS=WGS84MARTG.UNDEFINED --sourceFormat=ILPH.METERS.DMS
8
1	-61.070536150	14.492295195	271.809
2	-61.013962582	14.285209284	9.023
3	-61.022063151	14.370588455	3.945
4	-61.002946194	14.374618924	-3.666
5	-61.024801491	14.325606751	39.393
6	-60.565000303	14.340494632	97.075
7	-60.501138060	14.270098340	87.766
8	-61.083685832	14.411816345	454.871
--sourceCRS=WGS84MARTUTM20.AUTHORITATIVE --sourceFormat=IENV.METERS.
8
1	702509.566	1639604.867	309.972
2	712579.420	1601853.930	47.337
3	711220.766	1617021.600	41.867
4	714537.320	1618289.496	34.113
5	710467.101	1609335.644	77.554
6	721167.246	1611547.129	135.056
7	733225.404	1598624.402	126.447
8	699896.684	1624681.112	493.206
--sourceCRS=RGAF09.UNDEFINED --sourceFormat=IXYZ.METERS.
8
1  2978927.627 -5400363.417 1621249.004
2  2991964.370 -5403801.726 1584581.805
3  2989041.485 -5401056.199 1599270.285
4  2991796.847 -5399164.366 1600466.971
5  2989276.949 -5403174.680 1591848.536
6  2998419.378 -5397561.701 1593912.047
7  3010431.480 -5394599.917 1581294.861
8  2978448.890 -5405163.372 1606886.190
--sourceCRS=RGAF09G.UNDEFINED --sourceFormat=ILPH.METERS.DMS
8
1 -61.070538403  14.492295159  271.644
2 -61.013964810  14.285209213    8.935
3 -61.022065387  14.370588398    3.785
4 -61.002948426  14.374618870   -3.892
5 -61.024803723  14.325606688   39.285
6 -60.565002526  14.340494574   96.964
7 -60.501140266  14.270098275   87.772
8 -61.083688080  14.411816294  454.756
--sourceCRS=RGAF09G.UNDEFINED --sourceFormat=ILPH.METERS.DEGREES
8
1  -61.11816223   14.82304211  271.644
2  -61.02768003   14.48113670    8.935
3  -61.03907052   14.61830111    3.785
4  -61.00819007   14.62949686   -3.892
5  -61.04667701   14.54890747   39.285
6  -60.94722924   14.56804048   96.964
7  -60.83650074   14.45027299   87.772
8  -61.14357800   14.68837860  454.756
--sourceCRS=RGAF09UTM20.AUTHORITATIVE --sourceFormat=IENV.METERS.
8
1     702508.892    1639604.850    309.972
2     712578.753    1601853.903     47.337
3     711220.098    1617021.577     41.867
4     714536.652    1618289.473     34.113
5     710466.433    1609335.618     77.554
6     721166.580    1611547.106    135.056
7     733224.743    1598624.376    126.447
8     699896.011    1624681.091    493.206
