TEST KERGUELEN
data\DataKERnew.txt
5 8
--sourceCRS=KERGK0UTM42S.AUTHORITATIVE --sourceFormat=IENV.METERS.
8
1	591416.830	4532490.640 34.350
2	485000.000	4495000.000 500.000
3	475000.000	4612000.000 300.000
4	478000.000	4535000.000 150.000
5	540000.000	4575000.000 20.000
6	510000.000	4540000.000 900.000
7	570000.000	4500000.000 200.000
8	600000.000	4560000.000 20.000
--sourceCRS=KERGK0G.AUTHORITATIVE --sourceFormat=ILPV.METERS.DMS
8
1	70.153134313	-49.210885839 34.350
2	68.473125699	-49.414680889 500.000
3	68.393827603	-48.383697351 300.000
4	68.414987398	-49.201084684 150.000
5	69.324771047	-48.583232572 20.000
6	69.081506379	-49.173007373 900.000
7	69.581066226	-49.385096855 200.000
8	70.221198121	-49.061346260 20.000
--sourceCRS=RGTAAF07.UNDEFINED --sourceFormat=IXYZ.METERS.
8
1	1406294.408	3918136.037	-4816200.803
2	1495709.941	3854017.009	-4841381.871
3	1536734.625	3932974.828	-4764675.236
4	1513068.450	3879698.668	-4815119.254
5	1465960.994	3930055.355	-4788784.990
6	1484722.185	3895188.636	-4812450.722
7	1417536.020	3887649.767	-4837638.683
8	1405715.519	3940582.373	-4798124.688
--sourceCRS=RGTAAF07G.UNDEFINED --sourceFormat=ILPH.METERS.DMS
8
1	70.152145969	-49.210692075	73.586
2	68.472114600	-49.414478084	540.544
3	68.392836326	-48.383482556	339.868
4	68.413982642	-49.200877291	190.709
5	69.323782496	-48.583028774	59.471
6	69.080507293	-49.172803358	941.136
7	69.580068771	-49.384903738	240.057
8	70.220215940	-49.061150827	58.774
--sourceCRS=RGTAAFUTM42S.AUTHORITATIVE --sourceFormat=IENV.METERS.
8
1	591214.103	4532662.893 34.350
2	484797.989	4495172.489 500.000
3	474798.053	4612171.713 300.000
4	477798.025	4535172.229 150.000
5	539797.609	4575171.965 20.000
6	509797.837	4540172.188 900.000
7	569797.423	4500172.462 200.000
8	599797.212	4560172.072 20.000
