TEST REUNION !! "TSG 10355 700 317" inutilisée pour créer ce fichier, c'est "TSG 10602 317 700" inverse qui a été utilisée, d'où les petis écarts sur RGR92=>REUN47.
data\DataREUnew.txt
5 8
--sourceCRS=REUN47G.REUN89 --sourceFormat=ILPV.METERS.DMS
8
1	55.290913896	-21.051301504	3069.619
2	55.244179038	-21.115747049	890.893
3	55.183701136	-21.093739135	359.045
4	55.233953675	-21.141344158	332.961
5	55.205795761	-20.562480873	269.966
6	55.211807371	-20.545054374	174.264
7	55.431242742	-21.022616030	56.773
8	55.172828266	-21.091987696	1.361
--sourceCRS=REUN47GAUSSL.REUN89 --sourceFormat=IENV+CS.METERS.DMS
8
1     155068.079      53289.652   3069.619      -0.010147        0.3 		 
2     147360.562      40846.200    890.893      -0.023846        2.0 		 
3     136833.019      45143.035    359.045      -0.044986        6.6 		 
4     145568.628      36662.783    332.961      -0.030128        2.6 		 
5     140871.360      69524.549    269.966      -0.035661        4.5 		 
6     141449.361      72424.333    174.264      -0.034915        4.3 		 
7     179415.721      58410.719     56.773       0.040142        4.7 		 
8     134849.301      45678.802      1.361      -0.051461        7.8 		 
--sourceCRS=RGR92.UNDEFINED --sourceFormat=IXYZ.METERS.
8 
1	3375216.615	4907305.462	-2282772.546
2	3377868.372	4897557.356	-2293592.127
3	3387129.400	4892445.928	-2289384.964
4	3378189.498	4894862.917	-2297288.608
5	3388724.816	4901893.323	-2266603.635
6	3388785.403	4903001.837	-2263861.455
7	3354581.044	4920265.583	-2276892.438
8	3388680.252	4891202.124	-2288753.845
--sourceCRS=RGR92G.UNDEFINED --sourceFormat=ILPH.METERS.DMS
8 
1	55.284810547	-21.055780653	3076.631
2	55.242083656	-21.124232278	897.110
3	55.181598099	-21.102233837	364.221
4	55.231861316	-21.145830725	338.385
5	55.203671254	-20.570973485	274.140
6	55.205680293	-20.553546655	177.952
7	55.425140654	-21.031074190	60.660
8	55.170723901	-21.100484172	6.174
--sourceCRS=RGR92UTM40S.REUN89 --sourceFormat=IENV.METERS.
8
1	342122.248	7666098.474	3069.619
2	334534.375	7653583.375	890.893
3	323966.954	7657779.017	359.045
4	332782.668	7649383.374	332.961
5	327773.018	7682196.260	269.966
6	328323.513	7685101.170	174.264
7	366415.442	7671449.988	56.773
8	321978.258	7658295.776	1.361
