TEST SAINT_PIERRE_ET_MIQUELON	
C:\ProgramData\IGN\Circe\5\Saint-Pierre-et-Miquelon\DataSPMnew.txt
6 8 1
--sourceCRS=STPM50G.DANGER1950 --sourceFormat=ILPV.METERS.DMS
8
1	-56.240000000	47.063600000	73.8746
2	-56.180000000	47.022400000	240.2407
3	-56.120000000	46.450000000	24.9781
4	-56.074800000	46.472400000	29.0658
5	-56.131200000	46.450000000	24.9699
6	-56.093600000	46.453600000	54.012
7	-56.191200000	46.543600000	2.1358
8	-56.232400000	47.060000000	73.8835
--sourceCRS=STPM50UTM21.DANGER1950 --sourceFormat=IENV.METERS.
8
1	545522.988	5217344.185	73.8746
2	553179.721	5209628.373	240.2407
3	561105.326	5177475.442	24.9781
4	566402.840	5181977.025	29.0658
5	559577.699	5177460.099	24.9699
6	564148.712	5178618.496	54.012
7	551785.652	5195168.745	2.1358
8	546290.370	5216238.779	73.8835
--sourceCRS=RGSPM06G.UNDEFINED --sourceFormat=ILPH.METERS.DMS
8
1	-56.234842554	47.064480802	72.271
2	-56.174840066	47.023278472	238.868
3	-56.114843426	46.450872930	23.484
4	-56.073639293	46.473272637	27.861
5	-56.130044302	46.450873182	23.366
6	-56.092441414	46.454472569	52.645
7	-56.190044403	46.544476819	0.582
8	-56.231242383	47.060880526	72.308
--sourceCRS=RGSPM06UTM21.DANGER1950 --sourceFormat=IENV.METERS.
8
1	545763.413	5217836.533	73.8746
2	553420.418	5210120.283	240.2407
3	561346.085	5177965.794	24.9781
4	566643.888	5182467.534	29.0658
5	559818.387	5177950.465	24.9699
6	564389.622	5179108.870	54.012
7	552026.152	5195660.009	2.1358
8	546530.820	5216731.069	73.8835
--sourceCRS=RGSPM06.UNDEFINED --sourceFormat=IXYZ.METERS.
8
1	2406673.957	-3621894.556	4650334.367
2	2416217.556	-3622524.055	4645156.085
3	2435550.419	-3637740.517	4622968.135
4	2438189.526	-3632074.170	4626016.779
5	2434280.229	-3638590.451	4622968.102
6	2437649.975	-3635383.122	4623750.892
7	2420722.070	-3632024.890	4635120.841
8	2407757.031	-3622152.818	4649577.656
--sourceCRS=STPM50G.CGVD2013 --sourceFormat=ILPV.METERS.DMS
8
1	-56.240000000	47.063600000	 73.4942
2	-56.180000000	47.022400000	 239.8175
3	-56.120000000	46.450000000	 24.6465
4	-56.074800000	46.472400000	 28.6799
5	-56.131200000	46.450000000	 24.5958
6	-56.093600000	46.453600000	 53.6429
7	-56.191200000	46.543600000	 1.8439
8	-56.232400000	47.060000000	 73.509
