TEST MAYOTTE
data\DataMAYnew.txt
7 8
--sourceCRS=RGM04G.UNDEFINED --sourceFormat=ILPH.METERS.DEGREES
8
1	45.400000000	-12.500000000	0.000
2	45.063000000	-12.638000000	0.000
3	45.288000000	-12.638000000	0.000
4	45.175000000	-12.775000000	0.000
5	45.063000000	-12.913000000	0.000
6	45.288000000	-12.913000000	0.000
7	44.950000000	-13.050000000	0.000
8	45.400000000	-13.050000000	0.000
--sourceCRS=RGM04.UNDEFINED --sourceFormat=IXYZ.METERS.
8
1	4372957.479	4434445.752	-1371455.107
2	4396617.449	4406296.762	-1386355.745
3	4379280.105	4423528.219	-1386355.745
4	4385645.710	4412518.256	-1401140.603
5	4391865.659	4401534.511	-1416025.432
6	4374547.053	4418747.344	-1416025.432
7	4398128.351	4390458.859	-1430794.427
8	4363510.473	4424865.911	-1430794.427
--sourceCRS=RGM04UTM38S.MAYO53 --sourceFormat=IENV.METERS.
8
1	543462.058	8618123.508	21.727
2	506841.573	8602895.120	19.595
3	531275.877	8602878.744	20.110
4	518994.215	8587739.552	19.382
5	506834.179	8572484.408	19.309
6	531242.074	8572467.701	19.748
7	494579.019	8557334.421	20.394
8	543368.163	8557300.773	20.985
--sourceCRS=CAD97G.MAYO53 --sourceFormat=ILPV.METERS.DMS
8
1	45.235233430	-12.295092167	21.727
2	45.033919056	-12.380770578	19.595
3	45.170915024	-12.380771222	20.110
4	45.102236639	-12.462090276	19.382
5	45.033918233	-12.543769325	19.309
6	45.170914196	-12.543769982	19.748
7	44.565239849	-13.025088373	20.394
8	45.235231770	-13.025089701	20.985
--sourceCRS=CAD97UTM38S.MAYO53 --sourceFormat=IENV.METERS.
8
1	543232.838	8618386.782	21.727
2	506612.359	8603158.389	19.595
3	531046.662	8603142.017	20.110
4	518765.003	8588002.822	19.382
5	506604.966	8572747.676	19.309
6	531012.866	8572730.972	19.748
7	494349.803	8557597.686	20.394
8	543138.961	8557564.043	20.985
--sourceCRS=MAYO50G.MAYO53 --sourceFormat=ILPV.METERS.DMS
8
1	45.235228790	-12.295097585	21.727
2	45.033920487	-12.380773775	19.595
3	45.170912465	-12.380774266	20.110
4	45.102236180	-12.462090965	19.382
5	45.033919859	-12.543767643	19.309
6	45.170911829	-12.543768148	19.748
7	44.565243579	-13.025084338	20.394
8	45.235227510	-13.025085362	20.985
--sourceCRS=MAYO50UTM38S.MAYO53 --sourceFormat=IENV.METERS.
8
1	543231.435	8618385.120	21.727
2	506612.790	8603157.407	19.595
3	531045.889	8603141.082	20.110
4	518764.864	8588002.611	19.382
5	506605.456	8572748.192	19.309
6	531012.153	8572731.536	19.748
7	494350.926	8557598.925	20.394
8	543137.680	8557565.378	20.985
